33
33
33
33
33
33
33
33
33
52
8
20
38
33
49
6
49
47
33
38
33
6
49
47
33
8
6
49
47
33
50
47
33
8
6
49
47
33
50
47
33
38
33
33
33
52
52
33
33
8
8
6
8
52
33
6
49
47
33
8
6
49
47
33
47
33
27
14
33
38
33
49
33
33
33
8
8
8
8
8
8
8
8
8
8
52
3
33
33
33
33
33
33
33
33
33
52
8
6
49
47
33
38
33
6
49
47
33
8
6
49
47
33
50
47
33
8
6
49
47
33
50
47
33
38
33
52
33
6
49
47
33
8
6
49
47
33
47
33
8
52
33
6
49
47
33
8
6
49
47
33
47
33
33
33
8
8
47
33
8
8
47
33
47
33
33
33
8
8
8
8
8
8
8
8
8
52
52
3
33
33
33
33
33
33
33
33
33
52
8
8
8
8
8
8
8
8
28